% AD patient
patient_volume=[4015 3264 3020 4165 18186 4636 13599 20618 3492 2571 2728 4411 19445 5191 14092 23164];
ad_mean=[3016.852941 3473.705882 3065.566176 4472.529412 8083.889706 4309.022059 11954.63235 10087.34559 2849.308824 2720.977941 2820.801471 4158.257353 7855.110294 4088.75 14237.78677 8264.161765];
ad_std=[501.002514 591.191667 537.863534 591.059237 1216.337877 619.31657 1463.244 1520.218115 541.009612 497.621773 533.208066 510.538147 1162.797092 541.179271 1800.59775 1154.610296];
zscore_ad=(patient_volume - ad_mean)./ad_std;

%Normal patient
normal_mean=[2976.34375	3427.140625	3018.078125	4364.015625	8085.109375	4162.5	11542.54688	9988.765625	2727.25	2588.09375	2701.1875	3931.078125	7898.296875	3966.5	14203.07813	8369.53125];
normal_std=[612.1137	592.808914	500.433821	503.103779	1280.707941	494.428354	1527.466311	1254.643094	518.554431	466.202991	528.047192	565.357347	1452.11905	479.755526	2296.123519	1190.325859];
zscore_normal=(patient_volume - normal_mean)./normal_std;